0 Rollercoaster
0 Name: model.ldr
0 Author: AI Builder
0 !LICENSE Licensed under CC BY 4.0

0 BFC CERTIFY CCW

1 7 0 0 0 1 0 0 0 1 0 0 0 1 14716.dat
1 7 0 -24 0 1 0 0 0 1 0 0 0 1 14716.dat
1 7 0 -48 0 1 0 0 0 1 0 0 0 1 14716.dat
1 7 0 -72 0 1 0 0 0 1 0 0 0 1 14716.dat
1 7 0 0 60 1 0 0 0 1 0 0 0 1 14716.dat
1 7 0 -24 60 1 0 0 0 1 0 0 0 1 14716.dat
1 7 0 -48 60 1 0 0 0 1 0 0 0 1 14716.dat
1 7 0 -72 60 1 0 0 0 1 0 0 0 1 14716.dat
1 7 0 0 120 1 0 0 0 1 0 0 0 1 14716.dat
1 7 0 -24 120 1 0 0 0 1 0 0 0 1 14716.dat
1 7 0 -48 120 1 0 0 0 1 0 0 0 1 14716.dat
1 7 0 -72 120 1 0 0 0 1 0 0 0 1 14716.dat
1 7 0 0 180 1 0 0 0 1 0 0 0 1 14716.dat
1 7 0 -24 180 1 0 0 0 1 0 0 0 1 14716.dat
1 7 0 -48 180 1 0 0 0 1 0 0 0 1 14716.dat
1 7 0 -72 180 1 0 0 0 1 0 0 0 1 14716.dat
1 7 0 0 240 1 0 0 0 1 0 0 0 1 14716.dat
1 7 0 -24 240 1 0 0 0 1 0 0 0 1 14716.dat
1 7 0 -48 240 1 0 0 0 1 0 0 0 1 14716.dat
1 7 0 -72 240 1 0 0 0 1 0 0 0 1 14716.dat
1 4 0 -96 0 1 0 0 0 1 0 0 0 1 13731.dat
1 4 0 -106 20 1 0 0 0 1 0 0 0 1 13731.dat
1 4 0 -116 40 1 0 0 0 1 0 0 0 1 13731.dat
1 4 0 -126 60 1 0 0 0 1 0 0 0 1 13731.dat
1 4 0 -136 80 1 0 0 0 1 0 0 0 1 13731.dat
1 4 0 -146 100 1 0 0 0 1 0 0 0 1 13731.dat
1 4 0 -156 120 1 0 0 0 1 0 0 0 1 14707.dat
1 4 0 -156 140 1 0 0 0 1 0 0 0 1 14707.dat
1 4 0 -156 160 1 0 0 0 1 0 0 0 1 13731.dat
1 4 0 -142.66666666666666 180 1 0 0 0 1 0 0 0 1 13731.dat
1 4 0 -129.33333333333334 200 1 0 0 0 1 0 0 0 1 13731.dat
1 4 0 -116 220 1 0 0 0 1 0 0 0 1 13731.dat
1 4 0 -102.66666666666666 240 1 0 0 0 1 0 0 0 1 13731.dat
1 4 0 -89.33333333333333 260 1 0 0 0 1 0 0 0 1 13731.dat
1 4 0 -80 340 1 0 0 0 1 0 0 0 1 13731.dat
1 4 0 -50 331.9615242270663 1 0 0 0 0.8660254037844387 -0.49999999999999994 0 0.49999999999999994 0.8660254037844387 13731.dat
1 4 0 -28.038475772933687 310 1 0 0 0 0.5000000000000001 -0.8660254037844386 0 0.8660254037844386 0.5000000000000001 13731.dat
1 4 0 -20 280 1 0 0 0 6.123233995736766e-17 -1 0 1 6.123233995736766e-17 13731.dat
1 4 0 -28.03847577293368 250 1 0 0 0 -0.4999999999999998 -0.8660254037844387 0 0.8660254037844387 -0.4999999999999998 13731.dat
1 4 0 -50 228.03847577293368 1 0 0 0 -0.8660254037844387 -0.49999999999999994 0 0.49999999999999994 -0.8660254037844387 13731.dat
1 4 0 -79.99999999999999 220 1 0 0 0 -1 -1.2246467991473532e-16 0 1.2246467991473532e-16 -1 13731.dat
1 4 0 -110 228.03847577293368 1 0 0 0 -0.8660254037844386 0.5000000000000001 0 -0.5000000000000001 -0.8660254037844386 13731.dat
1 4 0 -131.96152422706632 249.99999999999997 1 0 0 0 -0.5000000000000004 0.8660254037844385 0 -0.8660254037844385 -0.5000000000000004 13731.dat
1 4 0 -140 280 1 0 0 0 -1.8369701987210297e-16 1 0 -1 -1.8369701987210297e-16 13731.dat
1 4 0 -131.96152422706632 310 1 0 0 0 0.5000000000000001 0.8660254037844386 0 -0.8660254037844386 0.5000000000000001 13731.dat
1 4 0 -110.00000000000003 331.9615242270663 1 0 0 0 0.8660254037844384 0.5000000000000004 0 -0.5000000000000004 0.8660254037844384 13731.dat
1 4 0 -80 400 1 0 0 0 1 0 0 0 1 13731.dat
1 4 0 -80 420 1 0 0 0 1 0 0 0 1 13731.dat
1 4 0 -80 440 1 0 0 0 1 0 0 0 1 13731.dat
1 4 0 -80 460 1 0 0 0 1 0 0 0 1 13731.dat
1 4 0 -80 480 1 0 0 0 1 0 0 0 1 13731.dat
1 7 20 0 280 1 0 0 0 1 0 0 0 1 14716.dat
1 7 20 -24 280 1 0 0 0 1 0 0 0 1 14716.dat
1 7 20 -48 280 1 0 0 0 1 0 0 0 1 14716.dat
1 7 -20 0 280 1 0 0 0 1 0 0 0 1 14716.dat
1 7 -20 -24 280 1 0 0 0 1 0 0 0 1 14716.dat
1 7 -20 -48 280 1 0 0 0 1 0 0 0 1 14716.dat
1 7 20 0 340 1 0 0 0 1 0 0 0 1 14716.dat
1 7 20 -24 340 1 0 0 0 1 0 0 0 1 14716.dat
1 7 20 -48 340 1 0 0 0 1 0 0 0 1 14716.dat
1 7 -20 0 340 1 0 0 0 1 0 0 0 1 14716.dat
1 7 -20 -24 340 1 0 0 0 1 0 0 0 1 14716.dat
1 7 -20 -48 340 1 0 0 0 1 0 0 0 1 14716.dat
1 1 0 -96 40 1 0 0 0 1 0 0 0 1 11211.dat
1 0 -10 -88 30 1 0 0 0 1 0 0 0 1 11002.dat
1 0 10 -88 30 1 0 0 0 1 0 0 0 1 11002.dat
1 0 -10 -88 50 1 0 0 0 1 0 0 0 1 11002.dat
1 0 10 -88 50 1 0 0 0 1 0 0 0 1 11002.dat
0 STEP
